10 100 1
0 
4 0 1 12336 9 3 115 0 5 158 3 7 174 27 6 145 34 2 272 41 1 136 55 9 243 74 0 271 76 8 190 79 
7 0 2 10485 9 0 221 6 2 448 9 6 260 18 5 115 22 4 174 26 3 228 36 1 270 83 8 308 84 9 174 86 
1 0 3 4096 8 8 201 12 6 187 15 4 136 54 2 558 58 5 66 62 3 119 66 0 150 80 7 270 82 
5 1 1 4500 9 4 158 2 0 235 5 3 137 20 7 115 23 6 116 38 2 204 53 1 66 63 9 88 65 8 138 70 
2 1 2 24966 9 7 448 8 8 285 11 6 301 24 4 272 40 0 272 42 9 578 44 3 231 48 5 204 52 1 558 59 
3 2 0 4161 9 4 115 1 5 137 21 0 104 29 7 228 37 2 231 49 6 110 56 8 140 60 1 119 67 9 176 73 
6 2 4 8811 9 1 187 14 9 108 17 7 260 19 2 301 25 8 301 33 4 145 35 5 116 39 0 125 47 3 110 57 
0 3 1 9892 9 5 235 4 7 221 7 3 104 28 8 364 31 2 272 43 6 125 46 9 119 69 4 271 77 1 150 81 
9 3 4 5698 8 6 108 16 2 578 45 8 256 51 5 88 64 0 119 68 3 176 72 4 243 75 7 174 87 
8 4 2 10180 9 2 285 10 1 201 13 0 364 30 6 301 32 9 256 50 3 140 61 5 138 71 4 190 78 7 308 85 
